0 0.539863 0.720347 0.163671 0.511360
0 0.967943 0.736053 0.062504 0.522560
0 0.628559 0.528360 0.099179 0.151920
0 0.584151 0.508867 0.059412 0.095493
0 0.565076 0.500800 0.053663 0.072160
0 0.423611 0.505627 0.028623 0.063040
0 0.109525 0.615747 0.152174 0.197733
0 0.477899 0.483227 0.019646 0.042613
0 0.313253 0.530573 0.059791 0.094320
0 0.344058 0.511480 0.040097 0.095973
0 0.385527 0.500773 0.035097 0.064693
0 0.430399 0.493853 0.031667 0.046053
0 0.220286 0.524947 0.062198 0.096827
0 0.211425 0.514733 0.066039 0.071707