0 0.922347 0.728467 0.153696 0.537733
0 0.071735 0.771307 0.143470 0.452053
0 0.297287 0.599613 0.098857 0.196667
0 0.345652 0.565827 0.066167 0.135173
0 0.372581 0.547533 0.046481 0.108933
0 0.393881 0.533480 0.039871 0.087333
0 0.679114 0.467160 0.089726 0.113467
0 0.645358 0.462320 0.066401 0.098667
0 0.952407 0.407253 0.093575 0.110507
0 0.924634 0.406307 0.110201 0.110160
0 0.897999 0.411853 0.106659 0.093040
0 0.872170 0.422400 0.097915 0.088427
0 0.416578 0.516307 0.032512 0.070640
0 0.552315 0.498560 0.032923 0.085333