0 0.515093 0.584760 0.061973 0.195440
0 0.657814 0.566587 0.120894 0.198240
0 0.594730 0.538720 0.068333 0.113760
0 0.569710 0.528720 0.060177 0.083680
0 0.040117 0.672680 0.080233 0.241573
0 0.350056 0.559693 0.059936 0.121093
0 0.429746 0.524560 0.030845 0.073280
0 0.465354 0.509893 0.021804 0.053387
0 0.279537 0.568507 0.072214 0.115733
0 0.316900 0.541693 0.049195 0.110320
0 0.368527 0.526707 0.038438 0.072400
0 0.420507 0.520840 0.034074 0.051493
0 0.169098 0.560293 0.077874 0.117440
0 0.165419 0.538867 0.079308 0.084400