0 0.933072 0.559707 0.103261 0.136800
0 0.881429 0.555413 0.100395 0.130027
0 0.813833 0.554747 0.093317 0.140107
0 0.498845 0.500640 0.027464 0.080853
1 0.160878 0.467667 0.013285 0.126693
1 0.208337 0.495440 0.017802 0.169547
2 0.541300 0.523267 0.046948 0.239760
1 0.199722 0.474573 0.013325 0.129573
1 0.366908 0.563960 0.028615 0.291440
1 0.400745 0.555280 0.056739 0.277600
1 0.435588 0.565173 0.037858 0.309013
1 0.643120 0.618733 0.050507 0.439813
1 0.651655 0.606440 0.056095 0.393253
1 0.477399 0.634747 0.046618 0.414880
1 0.503116 0.610080 0.045233 0.392000
1 0.542552 0.602960 0.036940 0.344373
1 0.388430 0.581000 0.031981 0.330960