1 0.565451 0.474093 0.012882 0.153840
1 0.233712 0.510840 0.035153 0.319600
1 0.874432 0.682160 0.087222 0.603680
1 0.868776 0.659947 0.134493 0.648107
1 0.788494 0.679747 0.100644 0.608507
1 0.859066 0.667373 0.216264 0.633253
1 0.491594 0.522373 0.032206 0.288107
1 0.527971 0.505413 0.030596 0.300960
1 0.471349 0.493267 0.025225 0.239867
1 0.451035 0.495533 0.025499 0.245147
1 0.516413 0.487027 0.031296 0.200453
1 0.370064 0.500373 0.023349 0.251573
1 0.393680 0.501893 0.019324 0.210347
1 0.414565 0.482360 0.023349 0.235333
1 0.439199 0.504960 0.019058 0.195573