1 0.542633 0.463707 0.016634 0.151253
1 0.223881 0.534387 0.030064 0.324240
1 0.914706 0.654280 0.139992 0.659440
1 0.677548 0.626040 0.067367 0.512027
1 0.608543 0.644640 0.052061 0.505173
1 0.774932 0.641440 0.072729 0.542720
1 0.856602 0.654387 0.061192 0.521147
1 0.731610 0.531613 0.025765 0.206213
1 0.431638 0.623573 0.052874 0.481920
1 0.465459 0.616053 0.035427 0.388320
1 0.494807 0.587720 0.039179 0.427440
1 0.528671 0.609893 0.035700 0.348213
1 0.552202 0.570733 0.036498 0.377680
1 0.415769 0.508467 0.028720 0.263973
1 0.471844 0.512933 0.035314 0.244747
1 0.502194 0.503893 0.039654 0.264640
1 0.550455 0.503720 0.036353 0.250373