0 0.521087 0.609293 0.078760 0.247760
0 0.636377 0.549720 0.105572 0.164773
0 0.586510 0.530173 0.062037 0.101787
0 0.566965 0.521120 0.055523 0.076373
0 0.135475 0.675587 0.179436 0.291120
0 0.078390 0.650000 0.156779 0.223307
0 0.412681 0.525400 0.033269 0.075333
0 0.460741 0.507600 0.023575 0.055093
0 0.487166 0.497720 0.017295 0.043173
0 0.303523 0.551947 0.062971 0.101867
0 0.337017 0.532973 0.042810 0.100187
0 0.381087 0.520787 0.036473 0.067653
0 0.426393 0.512587 0.033188 0.048480
0 0.205286 0.549253 0.066224 0.103787
0 0.193535 0.532360 0.070757 0.077040