0 0.513824 0.581733 0.059903 0.188960
0 0.665346 0.571480 0.126586 0.209787
0 0.597202 0.540187 0.070250 0.117440
0 0.570753 0.529693 0.061634 0.085893
0 0.025886 0.673000 0.051771 0.236027
0 0.327814 0.571680 0.070749 0.139147
0 0.421433 0.528667 0.033076 0.079040
0 0.459762 0.512547 0.023374 0.056293
0 0.271944 0.571387 0.075870 0.119893
0 0.311514 0.543160 0.050934 0.113360
0 0.365201 0.528387 0.039275 0.074000
0 0.418643 0.521320 0.034694 0.052347
0 0.157222 0.562573 0.081820 0.121680
0 0.156010 0.539760 0.082150 0.086613