0 0.534098 0.698760 0.141787 0.443120
0 0.971063 0.737373 0.056264 0.519920
0 0.629291 0.531507 0.098824 0.152507
0 0.584581 0.512800 0.059549 0.096107
0 0.564787 0.504440 0.053631 0.072400
0 0.384239 0.529640 0.042069 0.088027
0 0.107798 0.619920 0.154324 0.199253
0 0.458184 0.494587 0.022746 0.050187
0 0.491550 0.484680 0.018060 0.042000
0 0.313293 0.534400 0.058712 0.094987
0 0.343341 0.516560 0.040451 0.096267
0 0.385958 0.507293 0.035137 0.064880
0 0.430302 0.498733 0.032214 0.046373
0 0.219819 0.531387 0.062552 0.097760
0 0.209952 0.517133 0.066457 0.072240