0 0.530008 0.666053 0.123237 0.385227
0 0.978184 0.739787 0.042021 0.515093
0 0.630290 0.534173 0.099501 0.153573
0 0.585274 0.516093 0.059646 0.096560
0 0.565463 0.506893 0.053760 0.072827
0 0.359642 0.544800 0.051876 0.105493
0 0.105543 0.624507 0.156143 0.201333
0 0.449565 0.498453 0.023639 0.054080
0 0.484404 0.486373 0.019034 0.044533
0 0.312959 0.537520 0.059525 0.095733
0 0.342597 0.518800 0.040990 0.096480
0 0.385648 0.508867 0.035209 0.065040
0 0.430177 0.500680 0.032303 0.046640
0 0.218921 0.533120 0.062689 0.098187
0 0.209356 0.518107 0.066634 0.072480