1 0.534014 0.464293 0.019332 0.151360
1 0.223386 0.533587 0.034597 0.322640
1 0.742971 0.673760 0.071417 0.620480
1 0.674843 0.686000 0.076916 0.596000
1 0.915056 0.679267 0.139291 0.609467
1 0.945906 0.690093 0.077593 0.587813
1 0.666518 0.509627 0.029106 0.202080
1 0.456703 0.687160 0.055644 0.581840
1 0.485519 0.653200 0.040314 0.456000
1 0.526779 0.630453 0.046795 0.503467
1 0.567903 0.651547 0.040684 0.402240
1 0.598229 0.606320 0.048841 0.440427
1 0.654356 0.630547 0.051449 0.421627
1 0.433667 0.523573 0.028977 0.289600
1 0.489022 0.528147 0.041312 0.270160
1 0.519936 0.513507 0.044654 0.291653
1 0.568357 0.515533 0.045604 0.276347