0 0.516264 0.588027 0.064187 0.202347
0 0.651518 0.561640 0.116578 0.188773
0 0.592770 0.536947 0.066892 0.111013
0 0.569211 0.526920 0.058969 0.081787
0 0.051377 0.672560 0.102754 0.246027
0 0.367428 0.550907 0.052295 0.107680
0 0.436989 0.520973 0.028986 0.068293
0 0.470487 0.507680 0.020346 0.050827
0 0.285624 0.565600 0.069251 0.112160
0 0.322742 0.539707 0.047367 0.107627
0 0.371530 0.525400 0.037456 0.071120
0 0.421663 0.519213 0.034082 0.050693
0 0.178571 0.557480 0.074726 0.113840
0 0.172395 0.537680 0.077126 0.082613