0 0.527540 0.655173 0.122729 0.383733
0 0.881872 0.721200 0.234646 0.552267
0 0.615201 0.519320 0.092657 0.136987
0 0.576502 0.505440 0.055161 0.089440
0 0.560346 0.496653 0.051320 0.068347
0 0.031345 0.637000 0.062689 0.273680
0 0.484549 0.479640 0.017295 0.037253
0 0.152331 0.597947 0.127045 0.170400
0 0.323446 0.525640 0.054074 0.088080
0 0.350310 0.508240 0.037721 0.090880
0 0.389352 0.498920 0.033213 0.061733
0 0.430624 0.490787 0.030620 0.044827
0 0.235946 0.521267 0.058462 0.090640
0 0.224706 0.507160 0.061779 0.067600