0 0.503841 0.562907 0.053011 0.166133
0 0.967069 0.710053 0.064251 0.574560
0 0.663402 0.582320 0.117351 0.218720
0 0.604360 0.543973 0.092987 0.135733
0 0.068768 0.753360 0.137536 0.474240
0 0.339767 0.556880 0.072576 0.140427
0 0.081719 0.634680 0.163438 0.235227
0 0.200201 0.571360 0.097101 0.182667
0 0.427560 0.517760 0.037826 0.069973
0 0.488772 0.489747 0.020717 0.052667
0 0.309432 0.537147 0.062874 0.103467
0 0.387770 0.520853 0.044622 0.066400
0 0.017162 0.550747 0.034324 0.119680
0 0.530705 0.494093 0.020926 0.047920
0 0.223567 0.538200 0.075572 0.100773