0 0.538180 0.723040 0.158631 0.495627
0 0.968345 0.735867 0.061699 0.522933
0 0.628921 0.529933 0.099002 0.152187
0 0.584368 0.510827 0.059477 0.095787
0 0.564859 0.503707 0.053647 0.072373
0 0.406514 0.517267 0.034042 0.073253
0 0.108655 0.617680 0.153140 0.198667
0 0.468808 0.489320 0.022319 0.045893
0 0.313321 0.533587 0.058897 0.094693
0 0.343953 0.514653 0.039952 0.096133
0 0.385882 0.503987 0.035113 0.064773
0 0.430463 0.496653 0.032101 0.046160
0 0.219895 0.529173 0.062544 0.097333
0 0.210692 0.515933 0.066248 0.071973