0 0.518615 0.597027 0.070161 0.221040
0 0.642110 0.554853 0.110000 0.174453
0 0.589102 0.533653 0.064195 0.105867
0 0.568084 0.523947 0.056973 0.078667
0 0.069577 0.665000 0.139155 0.242693
0 0.393663 0.536987 0.040870 0.088427
0 0.449734 0.514467 0.025862 0.060933
0 0.479291 0.503147 0.018116 0.046507
0 0.295769 0.559013 0.065306 0.106293
0 0.331510 0.536480 0.044565 0.103307
0 0.376940 0.523267 0.036554 0.069093
0 0.424030 0.515613 0.033776 0.049413
0 0.193961 0.553493 0.069710 0.108053
0 0.184098 0.535653 0.073510 0.079573