0 0.072520 0.776987 0.145040 0.440693
0 0.954819 0.450093 0.088752 0.342640
0 0.339932 0.616893 0.101876 0.209413
0 0.226679 0.711480 0.224163 0.407493
0 0.637154 0.533493 0.075548 0.153547
0 0.389634 0.564160 0.065821 0.151253
0 0.422738 0.549067 0.041127 0.106773
0 0.433845 0.536693 0.036353 0.091147
0 0.541236 0.526360 0.036272 0.099280
0 0.644432 0.513013 0.106240 0.120000
0 0.557246 0.522413 0.042576 0.083493
0 0.581465 0.514493 0.044122 0.080027
0 0.569714 0.475147 0.036272 0.036213
0 0.473261 0.480773 0.031208 0.034293