0 0.504300 0.565707 0.052673 0.165440
0 0.866212 0.718213 0.240024 0.558240
0 0.637339 0.567027 0.101522 0.181947
0 0.591570 0.541427 0.083092 0.119600
0 0.228728 0.624227 0.135362 0.250480
0 0.381252 0.538333 0.052101 0.106800
0 0.138394 0.612253 0.149235 0.192933
0 0.233708 0.561027 0.080797 0.159867
0 0.445958 0.512147 0.031304 0.058747
0 0.324674 0.534707 0.054791 0.094480
0 0.393164 0.519573 0.042528 0.062347
0 0.016989 0.596520 0.033977 0.171227
0 0.041445 0.551173 0.082890 0.117493
0 0.523293 0.499293 0.019501 0.049200
0 0.246844 0.533120 0.066329 0.091680