0 0.493535 0.541613 0.046216 0.124400
0 0.081510 0.741867 0.163019 0.510933
0 0.266494 0.610053 0.143261 0.266720
0 0.317971 0.575080 0.127568 0.203867
0 0.373667 0.536413 0.094887 0.125360
0 0.402017 0.509120 0.065016 0.085120
0 0.869432 0.768707 0.259525 0.457253
0 0.729771 0.631760 0.187432 0.381867
1 0.579380 0.533707 0.015024 0.134613
0 0.732375 0.537813 0.122560 0.154827
0 0.490016 0.510480 0.028164 0.085120
0 0.081324 0.615800 0.162649 0.274640
0 0.190608 0.575747 0.115161 0.187600
0 0.236514 0.497293 0.062673 0.099867