0 0.527190 0.639440 0.105105 0.328640
0 0.994710 0.747053 0.008969 0.500560
0 0.632013 0.538267 0.101014 0.155627
0 0.586216 0.520973 0.060000 0.097627
0 0.566333 0.512573 0.054050 0.073680
0 0.323841 0.567987 0.067536 0.132773
0 0.100415 0.632040 0.159879 0.205627
0 0.439380 0.507453 0.026345 0.059333
0 0.477448 0.494253 0.020467 0.047120
0 0.312105 0.543760 0.060185 0.097173
0 0.341647 0.523347 0.041457 0.097040
0 0.384948 0.511227 0.035403 0.065387
0 0.429811 0.505320 0.032440 0.047120
0 0.216868 0.537120 0.063124 0.099147
0 0.207593 0.519947 0.067134 0.073067