0 0.503933 0.564560 0.052842 0.165707
0 0.905757 0.713747 0.186876 0.567173
0 0.648877 0.574360 0.108833 0.198533
0 0.597089 0.546173 0.087721 0.127440
0 0.132818 0.680720 0.211272 0.352587
0 0.362693 0.546880 0.061039 0.121440
0 0.102029 0.621640 0.172029 0.212080
0 0.218313 0.566227 0.088124 0.170320
0 0.437287 0.515653 0.033945 0.063947
0 0.317315 0.537787 0.058865 0.099040
0 0.390620 0.520760 0.043301 0.064347
0 0.029775 0.550533 0.059549 0.118453
0 0.526751 0.497960 0.020684 0.048507
0 0.235680 0.535533 0.070652 0.095973