0 0.504670 0.566853 0.052512 0.165173
0 0.809710 0.678400 0.212689 0.460320
0 0.627415 0.560813 0.095105 0.167920
0 0.586638 0.537227 0.078929 0.112640
0 0.284545 0.592587 0.097931 0.194133
0 0.396019 0.531587 0.045370 0.095333
0 0.169171 0.604427 0.131111 0.176960
0 0.247419 0.556427 0.074501 0.150667
0 0.453390 0.509147 0.029147 0.054347
0 0.331429 0.531893 0.051087 0.090347
0 0.395564 0.518453 0.041820 0.060480
0 0.033035 0.592613 0.066071 0.171200
0 0.051936 0.550653 0.103873 0.114427
0 0.519750 0.500680 0.018229 0.049947
0 0.545705 0.490133 0.020362 0.039573
0 0.257097 0.530907 0.062456 0.087787