0 0.511200 0.576267 0.056151 0.177280
0 0.684714 0.582173 0.142230 0.240293
0 0.603607 0.542667 0.075362 0.127307
0 0.574094 0.529880 0.065177 0.091173
0 0.256264 0.612800 0.112077 0.201600
0 0.400560 0.537467 0.039863 0.093973
0 0.446602 0.516547 0.027568 0.063547
0 0.252560 0.577347 0.085298 0.130000
0 0.301369 0.545053 0.054412 0.120347
0 0.484610 0.503480 0.021940 0.040720
0 0.357637 0.532653 0.040765 0.078053
0 0.413313 0.519853 0.037287 0.054107
0 0.126622 0.566160 0.092198 0.132053
0 0.130966 0.540973 0.089694 0.092080
0 0.530101 0.500827 0.021425 0.042293