0 0.524630 0.626480 0.093543 0.292533
0 0.633333 0.541280 0.102190 0.157440
0 0.586324 0.524347 0.060749 0.099147
0 0.566264 0.515973 0.054412 0.074400
0 0.282029 0.593067 0.087246 0.165973
0 0.093595 0.637960 0.165048 0.210160
0 0.430294 0.512800 0.028977 0.064107
0 0.471743 0.499280 0.021538 0.049653
0 0.309952 0.545347 0.060354 0.098267
0 0.340857 0.525800 0.041957 0.097787
0 0.383519 0.514760 0.035797 0.066213
0 0.428833 0.510480 0.032576 0.047573
0 0.214469 0.539347 0.063833 0.100240
0 0.203567 0.523347 0.068277 0.074320