0 0.539340 0.719800 0.161916 0.505893
0 0.961751 0.733587 0.074887 0.527493
0 0.627657 0.526520 0.098760 0.150960
0 0.583776 0.509893 0.059291 0.095360
0 0.564678 0.500560 0.053510 0.071893
0 0.439404 0.499360 0.024622 0.055520
0 0.112331 0.613733 0.150668 0.195307
0 0.486751 0.480747 0.019509 0.039947
0 0.313913 0.530200 0.059340 0.094000
0 0.344042 0.511187 0.040290 0.095760
0 0.385793 0.500707 0.034936 0.064400
0 0.430133 0.494653 0.030894 0.046160
0 0.221526 0.525107 0.061618 0.096347
0 0.212355 0.513507 0.065725 0.071333