1 0.554050 0.469360 0.012480 0.150667
1 0.233571 0.523680 0.031940 0.320533
1 0.600527 0.646653 0.052069 0.512720
1 0.675717 0.615040 0.050998 0.523627
1 0.538124 0.543467 0.033543 0.335787
1 0.509847 0.542560 0.038647 0.332213
1 0.592927 0.531840 0.053422 0.314400
1 0.638925 0.535707 0.028446 0.295680
1 0.909436 0.587653 0.034090 0.208053
1 0.402424 0.544427 0.031401 0.329387
1 0.409328 0.538773 0.024694 0.277013
1 0.443285 0.522387 0.027649 0.307653
1 0.475684 0.542240 0.025491 0.252213
1 0.474493 0.513360 0.037359 0.268693
1 0.378897 0.490213 0.020403 0.209013
1 0.434219 0.488867 0.015298 0.192453
1 0.459891 0.478720 0.017448 0.207093
1 0.499461 0.479560 0.028969 0.197840