0 0.519831 0.603160 0.074155 0.233573
0 0.638692 0.552693 0.107544 0.169067
0 0.587379 0.532107 0.062923 0.103467
0 0.567460 0.522747 0.056176 0.077440
0 0.072568 0.745693 0.145137 0.399973
0 0.073961 0.656573 0.147923 0.231547
0 0.403945 0.531213 0.036280 0.081253
0 0.455556 0.511040 0.024622 0.057813
0 0.483108 0.500787 0.017279 0.044720
0 0.299996 0.555307 0.064179 0.103893
0 0.334597 0.535187 0.043494 0.101627
0 0.379384 0.522440 0.036594 0.068347
0 0.425254 0.513653 0.033486 0.048907
0 0.200137 0.552227 0.067729 0.105733
0 0.188945 0.534800 0.072029 0.078293